mn	814;652	0	0	0	0	1s	100	1	20340
mn	814;656	0	0	0	0	1s	100	1	20341
mn	813;660	0	0	0	0	1s	100	1	20342
mn	813;664	0	0	0	0	1s	100	1	20343
mn	813;668	0	0	0	0	1s	100	1	20344
mn	813;672	0	0	0	0	1s	100	1	20345
mn	812;676	0	0	0	0	1s	100	1	20346
mn	812;679	0	0	0	0	1s	100	1	20347
mn	570;643	0	0	0	0	1s	100	1	9001
mn	563;651	0	0	0	0	1s	100	1	9002
mn	556;665	0	0	0	0	1s	100	1	20089
mn	577;636	0	0	0	0	1s	100	1	9003
mn	589;629	0	0	0	0	1s	100	1	9010
mn	601;623	0	0	0	0	1s	100	1	9005
mn	612;620	0	0	0	0	1s	100	1	9006
mn	627;618	0	0	0	0	1s	100	1	20016
mn	639;617	0	0	0	0	1s	100	1	9009
mn	654;621	0	0	0	0	1s	100	1	20194
mn	666;626	0	0	0	0	1s	100	1	9004
mn	675;632	0	0	0	0	1s	100	1	9002
mn	683;638	0	0	0	0	1s	100	1	20349
mn	690;644	0	0	0	0	1s	100	1	20008
mn	695;652	0	0	0	0	1s	100	1	20023
mn	699;658	0	0	0	0	1s	100	1	20002
mn	703;666	0	0	0	0	1s	100	1	20003
mn	707;676	0	0	0	0	1s	100	1	11003
mn	709;689	0	0	0	0	1s	100	1	20005
mn	710;700	0	0	0	0	1s	100	1	20006
mn	710;707	0	0	0	0	1s	100	1	20009
mn	710;708	0	0	0	0	1s	100	1	20011
mn	707;718	0	0	0	0	1s	100	1	20018
mn	704;724	0	0	0	0	1s	100	1	12007
mn	702;731	0	0	0	0	1s	100	1	20095
mn	698;738	0	0	0	0	1s	100	1	20086
mn	730;719	0	0	0	0	1s	100	1	20086
mn	694;746	0	0	0	0	1s	100	1	20092
mn	687;754	0	0	0	0	1s	100	1	10005
mn	681;759	0	0	0	0	1s	100	1	20009
mn	676;763	0	0	0	0	1s	100	1	9012
mn	721;747	0	0	0	0	1s	100	1	9012
mn	669;767	0	0	0	0	1s	100	1	11004
mn	715;769	0	0	0	0	1s	100	1	11004
mn	659;770	0	0	0	0	1s	100	1	11005
mn	723;761	0	0	0	0	1s	100	1	11005
mn	649;773	0	0	0	0	1s	100	1	5001
mn	734;736	0	0	0	0	1s	100	1	5001
mn	640;776	0	0	0	0	1s	100	1	20041
mn	703;761	0	0	0	0	1s	100	1	20041
mn	627;776	0	0	0	0	1s	100	1	20355
mn	614;775	0	0	0	0	1s	100	1	20354
mn	602;771	0	0	0	0	1s	100	1	20358
mn	590;767	0	0	0	0	1s	100	1	20357
mn	580;761	0	0	0	0	1s	100	1	20084
mn	571;751	0	0	0	0	1s	100	1	20086
mn	561;740	0	0	0	0	1s	100	1	20087
mn	555;726	0	0	0	0	1s	100	1	20091
mn	551;713	0	0	0	0	1s	100	1	20088
mn	550;699	0	0	0	0	1s	100	1	1999
mn	550;687	0	0	0	0	1s	100	1	3014
mn	553;674	0	0	0	0	1s	100	1	8431
mn	624;604	0	0	0	0	1s	100	1	34046
mn	634;605	0	0	0	0	1s	100	1	34052
mn	744;769	0	0	0	0	1s	100	1	34057
mn	745;756	0	0	0	0	1s	100	1	9302
