g	260;128	10	10	0	0	5s	100	10	1001
g	191;185	10	10	0	0	5s	100	10	1001
g	131;254	10	10	0	0	5s	100	10	1001
g	277;245	10	10	0	0	5s	100	10	1001
g	180;468	10	10	0	0	5s	100	10	1001
g	157;388	10	10	0	0	5s	100	10	1001
g	402;294	10	10	0	0	5s	100	10	1001
g	582;302	10	10	0	0	5s	100	10	1001
g	742;194	10	10	0	0	5s	100	10	1001
g	811;262	10	10	0	0	5s	100	10	1001
g	871;308	10	10	0	0	5s	100	10	1001
g	1328;1648	10	10	0	0	5s	100	10	1001
g	1491;1462	10	10	0	0	5s	100	10	1001
g	1622;1365	10	10	0	0	5s	100	10	1001
g	1688;1314	10	10	0	0	5s	100	10	1001
g	1162;1717	10	10	0	0	5s	100	10	1001
g	1165;1817	10	10	0	0	5s	100	10	1001
g	1214;1665	10	10	0	0	5s	100	10	1001
g	1297;1608	10	10	0	0	5s	100	10	1001
g	1374;1325	10	10	0	0	5s	100	10	1001
g	1505;1242	10	10	0	0	5s	100	10	1001
g	1597;1200	10	10	0	0	5s	100	10	1001
g	1334;1094	10	10	0	0	5s	100	10	1001
g	1262;1154	10	10	0	0	5s	100	10	1001
g	378;63	10	10	0	0	5s	100	10	1001
g	488;57	10	10	0	0	5s	100	10	1001
g	561;44	10	10	0	0	5s	100	10	1001
g	617;42	10	10	0	0	5s	100	10	1001
g	657;42	10	10	0	0	5s	100	10	1001
g	705;46	10	10	0	0	5s	100	10	1001
g	767;51	10	10	0	0	5s	100	10	1001
g	817;53	10	10	0	0	5s	100	10	1001
g	855;51	10	10	0	0	5s	100	10	1001
g	938;55	10	10	0	0	5s	100	10	1001
g	967;65	10	10	0	0	5s	100	10	1001
g	986;76	10	10	0	0	5s	100	10	1001
g	955;130	10	10	0	0	5s	100	10	1001
g	911;146	10	10	0	0	5s	100	10	1001
g	853;146	10	10	0	0	5s	100	10	1001
g	794;155	10	10	0	0	5s	100	10	1001
g	763;163	10	10	0	0	5s	100	10	1001
g	698;169	10	10	0	0	5s	100	10	1001
g	632;184	10	10	0	0	5s	100	10	1001
g	576;190	10	10	0	0	5s	100	10	1001
g	536;190	10	10	0	0	5s	100	10	1001
g	471;184	10	10	0	0	5s	100	10	1001
g	380;178	10	10	0	0	5s	100	10	1001
g	373;176	10	10	0	0	5s	100	10	1001
g	298;92	10	10	0	0	5s	100	10	1001
g	353;90	10	10	0	0	5s	100	10	1001
g	442;94	10	10	0	0	5s	100	10	1001
g	586;88	10	10	0	0	5s	100	10	1001
g	638;90	10	10	0	0	5s	100	10	1001
g	690;90	10	10	0	0	5s	100	10	1001
g	761;80	10	10	0	0	5s	100	10	1001
g	819;76	10	10	0	0	5s	100	10	1001
g	876;71	10	10	0	0	5s	100	10	1001
g	917;75	10	10	0	0	5s	100	10	1001
g	967;182	10	10	0	0	5s	100	10	1001
g	950;207	10	10	0	0	5s	100	10	1001
g	923;234	10	10	0	0	5s	100	10	1001
g	886;250	10	10	0	0	5s	100	10	1001
g	873;269	10	10	0	0	5s	100	10	1001
g	840;298	10	10	0	0	5s	100	10	1001
g	803;342	10	10	0	0	5s	100	10	1001
g	801;346	10	10	0	0	5s	100	10	1001
g	803;346	10	10	0	0	5s	100	10	1001
g	826;353	10	10	0	0	5s	100	10	1001
g	830;361	10	10	0	0	5s	100	10	1001
g	878;342	10	10	0	0	5s	100	10	1001
g	913;315	10	10	0	0	5s	100	10	1001
g	948;294	10	10	0	0	5s	100	10	1001
g	978;261	10	10	0	0	5s	100	10	1001
g	1011;228	10	10	0	0	5s	100	10	1001
g	1038;205	10	10	0	0	5s	100	10	1001
g	1071;192	10	10	0	0	5s	100	10	1001
g	1073;194	10	10	0	0	5s	100	10	1001
g	1023;232	10	10	0	0	5s	100	10	1001
g	990;282	10	10	0	0	5s	100	10	1001
g	975;294	10	10	0	0	5s	100	10	1001
g	957;307	10	10	0	0	5s	100	10	1001
g	919;346	10	10	0	0	5s	100	10	1001
g	909;361	10	10	0	0	5s	100	10	1001
g	894;384	10	10	0	0	5s	100	10	1001
g	896;394	10	10	0	0	5s	100	10	1001
g	917;394	10	10	0	0	5s	100	10	1001
g	965;380	10	10	0	0	5s	100	10	1001
g	1023;353	10	10	0	0	5s	100	10	1001
g	1071;323	10	10	0	0	5s	100	10	1001
g	1090;307	10	10	0	0	5s	100	10	1001
g	1119;275	10	10	0	0	5s	100	10	1001
g	1128;284	10	10	0	0	5s	100	10	1001
g	1130;351	10	10	0	0	5s	100	10	1001
g	1126;405	10	10	0	0	5s	100	10	1001
g	1148;501	10	10	0	0	5s	100	10	1001
g	1155;550	10	10	0	0	5s	100	10	1001
g	1148;613	10	10	0	0	5s	100	10	1001
g	1123;684	10	10	0	0	5s	100	10	1001
g	1088;713	10	10	0	0	5s	100	10	1001
g	1075;726	10	10	0	0	5s	100	10	1001
g	1103;761	10	10	0	0	5s	100	10	1001
g	1123;744	10	10	0	0	5s	100	10	1001
g	1140;736	10	10	0	0	5s	100	10	1001
g	1165;778	10	10	0	0	5s	100	10	1001
g	1207;940	10	10	0	0	5s	100	10	1001
g	1213;915	10	10	0	0	5s	100	10	1001
g	1225;859	10	10	0	0	5s	100	10	1001
g	1225;823	10	10	0	0	5s	100	10	1001
g	1223;794	10	10	0	0	5s	100	10	1001
g	1221;786	10	10	0	0	5s	100	10	1001
g	1211;751	10	10	0	0	5s	100	10	1001
g	1209;728	10	10	0	0	5s	100	10	1001
g	1209;700	10	10	0	0	5s	100	10	1001
g	1207;648	10	10	0	0	5s	100	10	1001
g	1205;596	10	10	0	0	5s	100	10	1001
g	1211;532	10	10	0	0	5s	100	10	1001
g	1221;455	10	10	0	0	5s	100	10	1001
g	1219;411	10	10	0	0	5s	100	10	1001
g	1207;340	10	10	0	0	5s	100	10	1001
g	1209;301	10	10	0	0	5s	100	10	1001
g	1211;253	10	10	0	0	5s	100	10	1001
g	1211;221	10	10	0	0	5s	100	10	1001
g	1211;188	10	10	0	0	5s	100	10	1001
g	1203;169	10	10	0	0	5s	100	10	1001
g	1196;132	10	10	0	0	5s	100	10	1001
g	1221;28	10	10	0	0	5s	100	10	1001
g	1242;36	10	10	0	0	5s	100	10	1001
g	1244;65	10	10	0	0	5s	100	10	1001
g	1240;90	10	10	0	0	5s	100	10	1001
g	1234;100	10	10	0	0	5s	100	10	1001
g	1205;103	10	10	0	0	5s	100	10	1001
g	1180;69	10	10	0	0	5s	100	10	1001
g	1175;53	10	10	0	0	5s	100	10	1001
g	1130;50	10	10	0	0	5s	100	10	1001
g	1115;53	10	10	0	0	5s	100	10	1001
g	1057;53	10	10	0	0	5s	100	10	1001
g	1044;57	10	10	0	0	5s	100	10	1001
g	971;115	10	10	0	0	5s	100	10	1001
g	994;136	10	10	0	0	5s	100	10	1001
g	905;175	10	10	0	0	5s	100	10	1001
g	875;213	10	10	0	0	5s	100	10	1001
g	771;263	10	10	0	0	5s	100	10	1001
g	584;380	10	10	0	0	5s	100	10	1001
g	573;401	10	10	0	0	5s	100	10	1001
g	553;405	10	10	0	0	5s	100	10	1001
g	551;405	10	10	0	0	5s	100	10	1001
g	534;382	10	10	0	0	5s	100	10	1001
g	530;363	10	10	0	0	5s	100	10	1001
g	559;334	10	10	0	0	5s	100	10	1001
g	584;348	10	10	0	0	5s	100	10	1001
g	503;271	10	10	0	0	5s	100	10	1001
g	496;280	10	10	0	0	5s	100	10	1001
g	486;282	10	10	0	0	5s	100	10	1001
g	471;267	10	10	0	0	5s	100	10	1001
g	476;248	10	10	0	0	5s	100	10	1001
g	500;242	10	10	0	0	5s	100	10	1001
g	353;259	10	10	0	0	5s	100	10	1001
g	332;271	10	10	0	0	5s	100	10	1001
g	303;263	10	10	0	0	5s	100	10	1001
g	305;230	10	10	0	0	5s	100	10	1001
g	369;221	10	10	0	0	5s	100	10	1001
g	373;226	10	10	0	0	5s	100	10	1001
g	463;413	10	10	0	0	5s	100	10	1001
g	473;461	10	10	0	0	5s	100	10	1001
g	473;461	10	10	0	0	5s	100	10	1001
g	517;444	10	10	0	0	5s	100	10	1001
g	457;382	10	10	0	0	5s	100	10	1001
g	450;378	10	10	0	0	5s	100	10	1001
g	446;376	10	10	0	0	5s	100	10	1001
g	394;398	10	10	0	0	5s	100	10	1001
g	394;425	10	10	0	0	5s	100	10	1001
g	392;440	10	10	0	0	5s	100	10	1001
g	388;476	10	10	0	0	5s	100	10	1001
g	367;501	10	10	0	0	5s	100	10	1001
g	321;542	10	10	0	0	5s	100	10	1001
g	348;553	10	10	0	0	5s	100	10	1001
g	350;590	10	10	0	0	5s	100	10	1001
g	301;615	10	10	0	0	5s	100	10	1001
g	292;596	10	10	0	0	5s	100	10	1001
g	300;551	10	10	0	0	5s	100	10	1001
g	332;534	10	10	0	0	5s	100	10	1001
g	263;665	10	10	0	0	5s	100	10	1001
g	282;705	10	10	0	0	5s	100	10	1001
g	298;748	10	10	0	0	5s	100	10	1001
g	294;761	10	10	0	0	5s	100	10	1001
g	263;782	10	10	0	0	5s	100	10	1001
g	240;775	10	10	0	0	5s	100	10	1001
g	228;730	10	10	0	0	5s	100	10	1001
g	240;701	10	10	0	0	5s	100	10	1001
g	142;559	10	10	0	0	5s	100	10	1001
g	128;619	10	10	0	0	5s	100	10	1001
g	134;671	10	10	0	0	5s	100	10	1001
g	467;1125	10	10	0	0	5s	100	10	1001
g	521;1109	10	10	0	0	5s	100	10	1001
g	548;1098	10	10	0	0	5s	100	10	1001
g	571;1094	10	10	0	0	5s	100	10	1001
g	580;1107	10	10	0	0	5s	100	10	1001
g	580;1134	10	10	0	0	5s	100	10	1001
g	555;1136	10	10	0	0	5s	100	10	1001
g	542;1107	10	10	0	0	5s	100	10	1001
g	484;1092	10	10	0	0	5s	100	10	1001
g	484;1100	10	10	0	0	5s	100	10	1001
g	490;1142	10	10	0	0	5s	100	10	1001
g	517;1146	10	10	0	0	5s	100	10	1001
g	586;1198	10	10	0	0	5s	100	10	1001
g	559;1211	10	10	0	0	5s	100	10	1001
g	503;1203	10	10	0	0	5s	100	10	1001
g	440;1201	10	10	0	0	5s	100	10	1001
g	501;1248	10	10	0	0	5s	100	10	1001
g	546;1242	10	10	0	0	5s	100	10	1001
g	605;1242	10	10	0	0	5s	100	10	1001
g	650;1244	10	10	0	0	5s	100	10	1001
g	736;1240	10	10	0	0	5s	100	10	1001
g	755;1234	10	10	0	0	5s	100	10	1001
g	805;1234	10	10	0	0	5s	100	10	1001
g	859;1232	10	10	0	0	5s	100	10	1001
g	919;1225	10	10	0	0	5s	100	10	1001
g	959;1225	10	10	0	0	5s	100	10	1001
g	996;1213	10	10	0	0	5s	100	10	1001
g	1009;1200	10	10	0	0	5s	100	10	1001
g	996;1175	10	10	0	0	5s	100	10	1001
g	923;1167	10	10	0	0	5s	100	10	1001
g	826;1176	10	10	0	0	5s	100	10	1001
g	801;1171	10	10	0	0	5s	100	10	1001
g	765;1161	10	10	0	0	5s	100	10	1001
g	736;1144	10	10	0	0	5s	100	10	1001
g	769;1132	10	10	0	0	5s	100	10	1001
g	836;1142	10	10	0	0	5s	100	10	1001
g	900;1140	10	10	0	0	5s	100	10	1001
g	942;1134	10	10	0	0	5s	100	10	1001
g	963;1088	10	10	0	0	5s	100	10	1001
g	892;1094	10	10	0	0	5s	100	10	1001
g	857;1115	10	10	0	0	5s	100	10	1001
g	880;1165	10	10	0	0	5s	100	10	1001
g	894;1167	10	10	0	0	5s	100	10	1001
g	915;1196	10	10	0	0	5s	100	10	1001
g	900;1209	10	10	0	0	5s	100	10	1001
g	875;1198	10	10	0	0	5s	100	10	1001
g	825;1071	10	10	0	0	5s	100	10	1001
g	830;1061	10	10	0	0	5s	100	10	1001
g	803;1050	10	10	0	0	5s	100	10	1001
g	786;1050	10	10	0	0	5s	100	10	1001
g	773;1065	10	10	0	0	5s	100	10	1001
g	803;1061	10	10	0	0	5s	100	10	1001
g	803;1061	10	10	0	0	5s	100	10	1001
g	838;1042	10	10	0	0	5s	100	10	1001
g	857;1059	10	10	0	0	5s	100	10	1001
g	859;1073	10	10	0	0	5s	100	10	1001
g	744;1040	10	10	0	0	5s	100	10	1001
g	717;1040	10	10	0	0	5s	100	10	1001
g	680;1028	10	10	0	0	5s	100	10	1001
g	655;1017	10	10	0	0	5s	100	10	1001
g	628;1009	10	10	0	0	5s	100	10	1001
g	571;980	10	10	0	0	5s	100	10	1001
g	550;975	10	10	0	0	5s	100	10	1001
g	523;973	10	10	0	0	5s	100	10	1001
g	473;967	10	10	0	0	5s	100	10	1001
g	436;969	10	10	0	0	5s	100	10	1001
g	419;963	10	10	0	0	5s	100	10	1001
g	384;955	10	10	0	0	5s	100	10	1001
g	371;936	10	10	0	0	5s	100	10	1001
g	398;913	10	10	0	0	5s	100	10	1001
g	419;921	10	10	0	0	5s	100	10	1001
g	459;950	10	10	0	0	5s	100	10	1001
g	469;950	10	10	0	0	5s	100	10	1001
g	469;934	10	10	0	0	5s	100	10	1001
g	469;934	10	10	0	0	5s	100	10	1001
g	330;978	10	10	0	0	5s	100	10	1001
g	348;998	10	10	0	0	5s	100	10	1001
g	353;998	10	10	0	0	5s	100	10	1001
g	367;925	10	10	0	0	5s	100	10	1001
g	442;1153	10	10	0	0	5s	100	10	1001
g	490;1182	10	10	0	0	5s	100	10	1001
g	626;1176	10	10	0	0	5s	100	10	1001
g	667;1163	10	10	0	0	5s	100	10	1001
g	675;1157	10	10	0	0	5s	100	10	1001
g	636;1194	10	10	0	0	5s	100	10	1001
g	636;1198	10	10	0	0	5s	100	10	1001
g	644;1130	10	10	0	0	5s	100	10	1001
g	663;1092	10	10	0	0	5s	100	10	1001
g	663;1100	10	10	0	0	5s	100	10	1001
g	628;1161	10	10	0	0	5s	100	10	1001
g	355;442	10	10	0	0	5s	100	10	1001
g	209;413	10	10	0	0	5s	100	10	1001
g	176;419	10	10	0	0	5s	100	10	1001
g	134;438	10	10	0	0	5s	100	10	1001
g	111;509	10	10	0	0	5s	100	10	1001
g	188;511	10	10	0	0	5s	100	10	1001
g	203;540	10	10	0	0	5s	100	10	1001
g	169;600	10	10	0	0	5s	100	10	1001
g	84;686	10	10	0	0	5s	100	10	1001
g	90;673	10	10	0	0	5s	100	10	1001
g	109;615	10	10	0	0	5s	100	10	1001
g	73;592	10	10	0	0	5s	100	10	1001
g	67;569	10	10	0	0	5s	100	10	1001
g	65;523	10	10	0	0	5s	100	10	1001
g	59;476	10	10	0	0	5s	100	10	1001
g	61;436	10	10	0	0	5s	100	10	1001
g	57;353	10	10	0	0	5s	100	10	1001
g	51;313	10	10	0	0	5s	100	10	1001
g	40;296	10	10	0	0	5s	100	10	1001
g	40;265	10	10	0	0	5s	100	10	1001
g	46;190	10	10	0	0	5s	100	10	1001
g	44;171	10	10	0	0	5s	100	10	1001
g	40;123	10	10	0	0	5s	100	10	1001
g	48;78	10	10	0	0	5s	100	10	1001
g	80;61	10	10	0	0	5s	100	10	1001
g	103;75	10	10	0	0	5s	100	10	1001
g	119;94	10	10	0	0	5s	100	10	1001
g	130;119	10	10	0	0	5s	100	10	1001
g	157;148	10	10	0	0	5s	100	10	1001
g	75;176	10	10	0	0	5s	100	10	1001
g	107;190	10	10	0	0	5s	100	10	1001
g	113;198	10	10	0	0	5s	100	10	1001
g	140;242	10	10	0	0	5s	100	10	1001
g	211;238	10	10	0	0	5s	100	10	1001
g	238;207	10	10	0	0	5s	100	10	1001
g	248;198	10	10	0	0	5s	100	10	1001
g	207;248	10	10	0	0	5s	100	10	1001
g	126;290	10	10	0	0	5s	100	10	1001
g	117;336	10	10	0	0	5s	100	10	1001
g	109;388	10	10	0	0	5s	100	10	1001
g	113;301	10	10	0	0	5s	100	10	1001
g	194;284	10	10	0	0	5s	100	10	1001
g	234;251	10	10	0	0	5s	100	10	1001
g	317;130	10	10	0	0	5s	100	10	1001
g	240;71	10	10	0	0	5s	100	10	1001
g	321;59	10	10	0	0	5s	100	10	1001
g	455;101	10	10	0	0	5s	100	10	1001
g	488;82	10	10	0	0	5s	100	10	1001
g	434;50	10	10	0	0	5s	100	10	1001
g	500;92	10	10	0	0	5s	100	10	1001
g	550;96	10	10	0	0	5s	100	10	1001
g	438;176	10	10	0	0	5s	100	10	1001
g	405;200	10	10	0	0	5s	100	10	1001
g	463;225	10	10	0	0	5s	100	10	1001
g	517;198	10	10	0	0	5s	100	10	1001
g	530;269	10	10	0	0	5s	100	10	1001
g	492;307	10	10	0	0	5s	100	10	1001
g	430;315	10	10	0	0	5s	100	10	1001
g	632;259	10	10	0	0	5s	100	10	1001
g	655;273	10	10	0	0	5s	100	10	1001
g	661;340	10	10	0	0	5s	100	10	1001
g	651;384	10	10	0	0	5s	100	10	1001
g	651;398	10	10	0	0	5s	100	10	1001
g	613;332	10	10	0	0	5s	100	10	1001
g	596;275	10	10	0	0	5s	100	10	1001
g	584;234	10	10	0	0	5s	100	10	1001
g	648;230	10	10	0	0	5s	100	10	1001
g	701;303	10	10	0	0	5s	100	10	1001
g	709;326	10	10	0	0	5s	100	10	1001
g	713;355	10	10	0	0	5s	100	10	1001
g	734;292	10	10	0	0	5s	100	10	1001
g	698;211	10	10	0	0	5s	100	10	1001
g	746;209	10	10	0	0	5s	100	10	1001
g	788;211	10	10	0	0	5s	100	10	1001
g	823;223	10	10	0	0	5s	100	10	1001
g	1065;421	10	10	0	0	5s	100	10	1001
g	1067;446	10	10	0	0	5s	100	10	1001
g	1038;484	10	10	0	0	5s	100	10	1001
g	1023;519	10	10	0	0	5s	100	10	1001
g	996;505	10	10	0	0	5s	100	10	1001
g	992;478	10	10	0	0	5s	100	10	1001
g	1013;455	10	10	0	0	5s	100	10	1001
g	1019;455	10	10	0	0	5s	100	10	1001
g	1001;501	10	10	0	0	5s	100	10	1001
g	1000;517	10	10	0	0	5s	100	10	1001
g	1007;517	10	10	0	0	5s	100	10	1001
g	1021;488	10	10	0	0	5s	100	10	1001
g	1007;463	10	10	0	0	5s	100	10	1001
g	1000;425	10	10	0	0	5s	100	10	1001
g	1019;405	10	10	0	0	5s	100	10	1001
g	1053;448	10	10	0	0	5s	100	10	1001
g	1078;503	10	10	0	0	5s	100	10	1001
g	1090;580	10	10	0	0	5s	100	10	1001
g	1067;607	10	10	0	0	5s	100	10	1001
g	1028;592	10	10	0	0	5s	100	10	1001
g	1025;553	10	10	0	0	5s	100	10	1001
g	1044;553	10	10	0	0	5s	100	10	1001
g	1069;546	10	10	0	0	5s	100	10	1001
g	1111;465	10	10	0	0	5s	100	10	1001
g	1111;417	10	10	0	0	5s	100	10	1001
g	1096;346	10	10	0	0	5s	100	10	1001
g	1092;392	10	10	0	0	5s	100	10	1001
g	1153;476	10	10	0	0	5s	100	10	1001
g	1086;569	10	10	0	0	5s	100	10	1001
g	1065;619	10	10	0	0	5s	100	10	1001
g	1090;657	10	10	0	0	5s	100	10	1001
g	1057;665	10	10	0	0	5s	100	10	1001
g	1057;653	10	10	0	0	5s	100	10	1001
g	1098;625	10	10	0	0	5s	100	10	1001
g	963;621	10	10	0	0	5s	100	10	1001
g	944;628	10	10	0	0	5s	100	10	1001
g	925;594	10	10	0	0	5s	100	10	1001
g	930;596	10	10	0	0	5s	100	10	1001
g	1105;1046	10	10	0	0	5s	100	10	1001
g	1119;998	10	10	0	0	5s	100	10	1001
g	1125;950	10	10	0	0	5s	100	10	1001
g	1086;1009	10	10	0	0	5s	100	10	1001
g	1084;1053	10	10	0	0	5s	100	10	1001
g	1128;1036	10	10	0	0	5s	100	10	1001
g	1134;1023	10	10	0	0	5s	100	10	1001
g	1111;1082	10	10	0	0	5s	100	10	1001
g	1111;1101	10	10	0	0	5s	100	10	1001
g	1109;1123	10	10	0	0	5s	100	10	1001
g	1015;1146	10	10	0	0	5s	100	10	1001
g	1003;1117	10	10	0	0	5s	100	10	1001
g	996;1096	10	10	0	0	5s	100	10	1001
g	963;1169	10	10	0	0	5s	100	10	1001
g	944;1171	10	10	0	0	5s	100	10	1001
g	1186;1163	10	10	0	0	5s	100	10	1001
g	1200;1159	10	10	0	0	5s	100	10	1001
g	1211;1150	10	10	0	0	5s	100	10	1001
g	1234;1138	10	10	0	0	5s	100	10	1001
g	1228;1123	10	10	0	0	5s	100	10	1001
g	1215;1073	10	10	0	0	5s	100	10	1001
g	1207;1061	10	10	0	0	5s	100	10	1001
g	1186;1048	10	10	0	0	5s	100	10	1001
g	1175;1015	10	10	0	0	5s	100	10	1001
g	1169;971	10	10	0	0	5s	100	10	1001
g	1169;955	10	10	0	0	5s	100	10	1001
g	1190;969	10	10	0	0	5s	100	10	1001
g	1192;963	10	10	0	0	5s	100	10	1001
g	1167;913	10	10	0	0	5s	100	10	1001
g	1209;836	10	10	0	0	5s	100	10	1001
g	1190;809	10	10	0	0	5s	100	10	1001
g	1134;865	10	10	0	0	5s	100	10	1001
g	1126;848	10	10	0	0	5s	100	10	1001
g	1101;823	10	10	0	0	5s	100	10	1001
g	1098;807	10	10	0	0	5s	100	10	1001
g	1088;792	10	10	0	0	5s	100	10	1001
g	1123;776	10	10	0	0	5s	100	10	1001
g	1128;771	10	10	0	0	5s	100	10	1001
g	1126;596	10	10	0	0	5s	100	10	1001
g	1126;546	10	10	0	0	5s	100	10	1001
g	1123;515	10	10	0	0	5s	100	10	1001
g	1113;521	10	10	0	0	5s	100	10	1001
g	1109;532	10	10	0	0	5s	100	10	1001
g	1146;419	10	10	0	0	5s	100	10	1001
g	1146;405	10	10	0	0	5s	100	10	1001
g	1144;325	10	10	0	0	5s	100	10	1001
g	1142;290	10	10	0	0	5s	100	10	1001
g	1123;209	10	10	0	0	5s	100	10	1001
g	1130;184	10	10	0	0	5s	100	10	1001
g	1148;194	10	10	0	0	5s	100	10	1001
g	1234;255	10	10	0	0	5s	100	10	1001
g	1236;292	10	10	0	0	5s	100	10	1001
g	1230;338	10	10	0	0	5s	100	10	1001
g	1230;363	10	10	0	0	5s	100	10	1001
g	1234;388	10	10	0	0	5s	100	10	1001
g	1240;448	10	10	0	0	5s	100	10	1001
g	1240;467	10	10	0	0	5s	100	10	1001
g	1244;498	10	10	0	0	5s	100	10	1001
g	1225;542	10	10	0	0	5s	100	10	1001
g	1217;515	10	10	0	0	5s	100	10	1001
g	1205;500	10	10	0	0	5s	100	10	1001
g	1201;492	10	10	0	0	5s	100	10	1001
g	1194;373	10	10	0	0	5s	100	10	1001
g	1194;369	10	10	0	0	5s	100	10	1001
g	1182;307	10	10	0	0	5s	100	10	1001
g	1136;221	10	10	0	0	5s	100	10	1001
g	1103;238	10	10	0	0	5s	100	10	1001
g	1103;240	10	10	0	0	5s	100	10	1001
g	986;211	10	10	0	0	5s	100	10	1001
g	963;225	10	10	0	0	5s	100	10	1001
g	953;250	10	10	0	0	5s	100	10	1001
g	948;255	10	10	0	0	5s	100	10	1001
g	940;369	10	10	0	0	5s	100	10	1001
g	940;369	10	10	0	0	5s	100	10	1001
g	700;388	10	10	0	0	5s	100	10	1001
g	661;401	10	10	0	0	5s	100	10	1001
g	630;421	10	10	0	0	5s	100	10	1001
g	613;434	10	10	0	0	5s	100	10	1001
g	592;457	10	10	0	0	5s	100	10	1001
g	573;467	10	10	0	0	5s	100	10	1001
g	530;490	10	10	0	0	5s	100	10	1001
g	519;500	10	10	0	0	5s	100	10	1001
g	455;521	10	10	0	0	5s	100	10	1001
g	423;555	10	10	0	0	5s	100	10	1001
g	419;557	10	10	0	0	5s	100	10	1001
g	451;573	10	10	0	0	5s	100	10	1001
g	453;563	10	10	0	0	5s	100	10	1001
g	407;534	10	10	0	0	5s	100	10	1001
g	378;507	10	10	0	0	5s	100	10	1001
g	313;461	10	10	0	0	5s	100	10	1001
g	288;436	10	10	0	0	5s	100	10	1001
g	259;578	10	10	0	0	5s	100	10	1001
g	244;594	10	10	0	0	5s	100	10	1001
g	190;613	10	10	0	0	5s	100	10	1001
g	151;671	10	10	0	0	5s	100	10	1001
g	150;734	10	10	0	0	5s	100	10	1001
g	150;775	10	10	0	0	5s	100	10	1001
g	159;794	10	10	0	0	5s	100	10	1001
g	215;817	10	10	0	0	5s	100	10	1001
g	200;744	10	10	0	0	5s	100	10	1001
g	200;715	10	10	0	0	5s	100	10	1001
g	251;661	10	10	0	0	5s	100	10	1001
g	251;659	10	10	0	0	5s	100	10	1001
g	240;465	10	10	0	0	5s	100	10	1001
g	238;440	10	10	0	0	5s	100	10	1001
g	144;530	10	10	0	0	5s	100	10	1001
g	192;476	10	10	0	0	5s	100	10	1001
g	371;359	10	10	0	0	5s	100	10	1001
g	434;363	10	10	0	0	5s	100	10	1001
g	446;369	10	10	0	0	5s	100	10	1001
g	471;342	10	10	0	0	5s	100	10	1001
g	486;396	10	10	0	0	5s	100	10	1001
g	492;400	10	10	0	0	5s	100	10	1001
g	461;1078	10	10	0	0	5s	100	10	1001
g	475;1138	10	10	0	0	5s	100	10	1001
g	515;1140	10	10	0	0	5s	100	10	1001
g	565;1153	10	10	0	0	5s	100	10	1001
g	534;1190	10	10	0	0	5s	100	10	1001
g	528;1194	10	10	0	0	5s	100	10	1001
g	650;1225	10	10	0	0	5s	100	10	1001
g	680;1201	10	10	0	0	5s	100	10	1001
g	807;1205	10	10	0	0	5s	100	10	1001
g	788;313	10	10	0	0	5s	100	10	1001
g	769;257	10	10	0	0	5s	100	10	1001
g	726;236	10	10	0	0	5s	100	10	1001
g	690;236	10	10	0	0	5s	100	10	1001
g	676;236	10	10	0	0	5s	100	10	1001
g	673;205	10	10	0	0	5s	100	10	1001
g	684;182	10	10	0	0	5s	100	10	1001
g	726;169	10	10	0	0	5s	100	10	1001
g	751;138	10	10	0	0	5s	100	10	1001
g	832;128	10	10	0	0	5s	100	10	1001
g	882;132	10	10	0	0	5s	100	10	1001
g	890;132	10	10	0	0	5s	100	10	1001
g	878;155	10	10	0	0	5s	100	10	1001
g	511;196	10	10	0	0	5s	100	10	1001
g	505;173	10	10	0	0	5s	100	10	1001
g	496;167	10	10	0	0	5s	100	10	1001
g	469;151	10	10	0	0	5s	100	10	1001
g	442;242	10	10	0	0	5s	100	10	1001
g	438;273	10	10	0	0	5s	100	10	1001
g	430;275	10	10	0	0	5s	100	10	1001
g	371;113	10	10	0	0	5s	100	10	1001
g	434;100	10	10	0	0	5s	100	10	1001
g	478;103	10	10	0	0	5s	100	10	1001
g	503;107	10	10	0	0	5s	100	10	1001
g	546;98	10	10	0	0	5s	100	10	1001
g	625;88	10	10	0	0	5s	100	10	1001
g	626;88	10	10	0	0	5s	100	10	1001
g	778;86	10	10	0	0	5s	100	10	1001
g	919;80	10	10	0	0	5s	100	10	1001
g	994;76	10	10	0	0	5s	100	10	1001
g	850;138	10	10	0	0	5s	100	10	1001
g	709;153	10	10	0	0	5s	100	10	1001
g	628;171	10	10	0	0	5s	100	10	1001
g	557;180	10	10	0	0	5s	100	10	1001
g	511;167	10	10	0	0	5s	100	10	1001
g	317;178	10	10	0	0	5s	100	10	1001
g	276;175	10	10	0	0	5s	100	10	1001
g	219;90	10	10	0	0	5s	100	10	1001
g	190;117	10	10	0	0	5s	100	10	1001
g	192;119	10	10	0	0	5s	100	10	1001
g	217;78	10	10	0	0	5s	100	10	1001
g	215;57	10	10	0	0	5s	100	10	1001
g	275;50	10	10	0	0	5s	100	10	1001
g	1217;1223	10	10	0	0	5s	100	10	1001
g	1234;1215	10	10	0	0	5s	100	10	1001
g	1230;1238	10	10	0	0	5s	100	10	1001
g	1071;1153	10	10	0	0	5s	100	10	1001
g	1088;1144	10	10	0	0	5s	100	10	1001
g	1103;1142	10	10	0	0	5s	100	10	1001
g	1111;1157	10	10	0	0	5s	100	10	1001
g	1084;1176	10	10	0	0	5s	100	10	1001
g	1065;1198	10	10	0	0	5s	100	10	1001
g	1073;1205	10	10	0	0	5s	100	10	1001
g	1105;1198	10	10	0	0	5s	100	10	1001
g	1107;1180	10	10	0	0	5s	100	10	1001
g	1105;1151	10	10	0	0	5s	100	10	1001
g	1117;1096	10	10	0	0	5s	100	10	1001
g	1140;915	10	10	0	0	5s	100	10	1001
g	1107;859	10	10	0	0	5s	100	10	1001
g	1107;840	10	10	0	0	5s	100	10	1001
g	1107;840	10	10	0	0	5s	100	10	1001
g	1051;790	10	10	0	0	5s	100	10	1001
g	1051;753	10	10	0	0	5s	100	10	1001
g	1055;759	10	10	0	0	5s	100	10	1001
g	1055;780	10	10	0	0	5s	100	10	1001
g	1055;782	10	10	0	0	5s	100	10	1001
g	978;650	10	10	0	0	5s	100	10	1001
g	980;651	10	10	0	0	5s	100	10	1001
g	1013;653	10	10	0	0	5s	100	10	1001
g	1013;680	10	10	0	0	5s	100	10	1001
g	1017;678	10	10	0	0	5s	100	10	1001
g	1032;611	10	10	0	0	5s	100	10	1001
g	1011;609	10	10	0	0	5s	100	10	1001
g	1013;626	10	10	0	0	5s	100	10	1001
g	1034;630	10	10	0	0	5s	100	10	1001
g	1219;167	10	10	0	0	5s	100	10	1001
g	1253;203	10	10	0	0	5s	100	10	1001
g	1257;211	10	10	0	0	5s	100	10	1001
g	1232;215	10	10	0	0	5s	100	10	1001
g	1217;225	10	10	0	0	5s	100	10	1001
g	1178;198	10	10	0	0	5s	100	10	1001
g	1182;192	10	10	0	0	5s	100	10	1001
g	1184;215	10	10	0	0	5s	100	10	1001
g	76;713	10	10	0	0	5s	100	10	1001
g	76;740	10	10	0	0	5s	100	10	1001
g	63;757	10	10	0	0	5s	100	10	1001
g	36;763	10	10	0	0	5s	100	10	1001
g	36;763	10	10	0	0	5s	100	10	1001
g	53;744	10	10	0	0	5s	100	10	1001
g	57;730	10	10	0	0	5s	100	10	1001
g	59;757	10	10	0	0	5s	100	10	1001
g	76;757	10	10	0	0	5s	100	10	1001
g	84;757	10	10	0	0	5s	100	10	1001
g	103;740	10	10	0	0	5s	100	10	1001
g	109;726	10	10	0	0	5s	100	10	1001
g	109;765	10	10	0	0	5s	100	10	1001
g	101;775	10	10	0	0	5s	100	10	1001
g	80;771	10	10	0	0	5s	100	10	1001
g	50;701	10	10	0	0	5s	100	10	1001
g	48;688	10	10	0	0	5s	100	10	1001
g	44;725	10	10	0	0	5s	100	10	1001
g	44;725	10	10	0	0	5s	100	10	1001
g	101;709	10	10	0	0	5s	100	10	1001
g	119;700	10	10	0	0	5s	100	10	1001
g	59;644	10	10	0	0	5s	100	10	1001
g	86;600	10	10	0	0	5s	100	10	1001
g	86;600	10	10	0	0	5s	100	10	1001
g	94;501	10	10	0	0	5s	100	10	1001
g	96;419	10	10	0	0	5s	100	10	1001
g	138;331	10	10	0	0	5s	100	3	1001
g	156;350	10	10	0	0	5s	100	3	1001
g	117;371	10	10	0	0	5s	100	3	1001
